Oglethorpe
6
13
16
18
21
25
28
31
34
69
73
74
84
m71E
m82C
POP
1, 347367 278292 259261 000000 304308 292292 107115 249249 000000 166184 329329 233249 000000 216244 193205 
2, 351359 000000 261261 301307 296300 262296 119139 000000 000000 000000 000000 245249 155159 228248 161193 
25, 351375 276278 267269 301335 000000 262314 123127 229233 000000 180184 349349 245249 145159 216228 157189 
27, 351363 000000 245273 301303 312334 288292 123143 225245 202202 000000 329357 245257 155163 000000 157169 
28, 323359 270296 000000 311319 312318 262306 115151 237245 240244 188196 000000 249249 155163 216220 149169 
29, 371375 270280 255273 301311 296308 298306 111127 229233 198218 184184 349369 000000 155183 252256 181193 
30, 351355 256278 259259 000000 308326 262292 103115 229265 192210 166170 329369 233241 151163 224256 173177 
31, 355375 262280 259265 301303 304330 262292 099139 233237 210210 166178 349365 241249 159179 236236 165189 
33, 351351 270278 261277 293323 322322 262306 000000 233245 194206 166188 329389 241249 141171 232236 169185 
34, 355359 258278 265267 289315 304334 290292 107127 229237 000000 000000 000000 241249 000000 240248 000000 
35, 363363 278278 257261 307323 296312 262306 091123 241245 210230 166178 000000 237249 155163 236260 169173 
37, 000000 264270 251259 289289 312312 262304 123123 237245 196202 184188 349373 253265 133163 220244 169177 
38, 351375 270280 261273 303307 296330 298310 123127 213237 198234 000000 329369 000000 145167 228244 165173 
39, 351351 276278 261287 000000 300308 290302 119139 229229 196200 162180 369369 249257 155167 236252 165173 
40, 351355 000000 263285 289303 304334 262286 127135 233241 192200 000000 357369 237249 159171 244248 153161 
41, 363363 270276 251259 315319 300346 262296 099119 225229 200218 184188 329369 245249 141175 228236 169177 
42, 347359 248280 263273 303307 300334 262306 115139 241255 194210 170180 361409 237237 155159 220248 169173 
43, 000000 264266 251269 311315 308330 262262 091135 237237 194222 000000 329349 241269 155155 236252 153189 
44, 351351 248278 257259 307307 312322 290302 103135 237245 198202 170188 341353 241257 000000 244244 169181 
45, 323363 260264 261263 000000 300304 298302 127131 237245 210218 166178 349349 241257 167167 236252 165189 
46, 355375 258270 253261 000000 296300 290306 107131 225245 214214 178184 333369 241249 159171 220248 165197 
47, 000000 258266 259261 301327 308312 298306 131135 217229 194206 188188 329373 249265 145155 240240 161185 
48, 323351 258276 259285 000000 312318 294304 115127 233245 182194 188188 329349 245261 151175 240244 177181 
49, 355359 264286 000000 303303 300326 262262 127143 237241 206210 170184 365369 249257 159171 216244 165185 
50, 375379 244258 269269 297303 000000 294310 091139 237241 210218 178178 329373 241241 151171 236252 181197 
51, 351375 000000 259267 301323 300304 290290 000000 237241 000000 188196 329361 237237 000000 220220 000000 
52, 355355 270270 265269 323331 300308 262296 131151 245245 198210 162184 365377 229257 151163 248256 153173 
53, 323363 244278 255285 307323 304342 000000 123131 225233 192206 166184 349365 249249 141159 236244 157173 
55, 000000 270270 251285 000000 312318 262298 115127 000000 192210 170192 365393 241277 141163 228240 149173 
56, 351351 264270 251281 307315 300318 288310 123127 221229 218244 166178 349377 237257 151163 220256 169193 
57, 347351 260264 239257 303315 308318 310310 103115 225241 200202 170196 329369 249253 155163 224240 165193 
58, 000000 256278 265265 289301 296308 286306 127135 233237 206206 166170 341373 241249 163163 232256 149185 
59, 367379 270280 261307 307315 322326 260298 091115 237251 206214 170170 385401 241249 155183 252256 181193 
60, 375375 266286 265265 307307 318330 314314 115131 233237 200226 184184 329365 249249 163191 232260 145169 
61, 347351 280292 269269 293293 000000 000000 000000 225233 196248 174178 000000 241241 159159 236248 169189 
62, 351359 260278 251285 307311 308312 290290 127139 229233 184216 166180 353357 245257 155179 240248 153169 
63, 355363 258268 257259 289331 312318 000000 111139 221233 214234 178188 357369 237249 155163 216220 153161 
64, 323323 278278 265269 289331 300304 278290 111127 237237 194214 166184 357369 233241 000000 216220 149169 
65, 323359 268278 251283 301315 312330 298302 111123 233241 202214 174188 377385 237241 159171 224252 177181 
66, 355363 244270 263281 289323 312326 306306 123127 233249 222242 166166 397401 237249 151159 248252 173193 
67, 375375 266290 263285 000000 308312 290292 123143 249251 198216 170192 000000 000000 155159 000000 169181 
68, 371371 278292 285285 327327 304318 292294 119123 237241 214232 162200 369373 237249 145151 216244 157169 
69, 351371 244264 285289 289319 296304 278300 115123 221225 210238 180184 349353 241249 155159 216236 165185 
70, 323355 276278 259263 307327 300318 278290 123127 241241 222242 170180 361365 249269 159175 216228 145169 
71, 000000 000000 000000 303307 292318 292306 123131 225225 000000 162184 373381 237257 151151 228236 177189 
72, 000000 254268 273281 315327 000000 262290 091111 245249 192194 000000 361373 277281 155159 224248 157173 
73, 351371 260278 000000 301303 318330 262298 000000 000000 202212 162184 357393 233265 151155 216220 149193 
74, 375379 000000 249261 289303 296308 000000 115119 233251 194214 180192 000000 237245 163167 244252 177185 
75, 323323 000000 000000 303319 304330 000000 127139 225229 214242 180184 349373 245261 159179 240248 165189 
